
----------------------------------------------------
Program running: 12-26-2021, 00:22:03
----------------------------------------------------
------------------------------------
          Statistics:              
------------------------------------


X-Plot Points (Times)[0.4795846939086914, 0.9925954341888428, 1.503467082977295, 1.9951088428497314, 2.503282070159912, 2.9798288345336914, 3.5047459602355957, 3.9914660453796387, 4.509113073348999, 4.997284173965454, 5.490391492843628, 5.991681337356567, 6.4996497631073, 6.983240127563477, 7.501000642776489, 7.980003833770752, 8.490485429763794, 8.986834049224854, 9.48095154762268, 9.995951414108276, 10.487918138504028, 10.987829208374023, 11.477055311203003, 11.988384246826172, 12.478610277175903, 12.990394830703735]
Y-Plot Points (Speed)[0.0, 0.0015, 0.0005, 0.006, 0.0005, 0.008, 0.0005, 0.0, 0.0005, 0.0005, 0.001, 0.0005, 0.0005, 0.021, 0.0005, 0.0005, 0.0005, 0.0005, 0.0005, 0.0005, 0.006, 0.0005, 0.0015, 0.0005, 0.4695, 0.4275]

----------------------------------------------------
Program finished: 12-26-2021, 00:22:46
----------------------------------------------------
