
----------------------------------------------------
Program running: 12-26-2021, 00:24:21
----------------------------------------------------
------------------------------------
          Statistics:              
------------------------------------


X-Plot Points (Times)[0.48000025749206543, 0.973771333694458, 1.5032727718353271, 1.9780550003051758, 2.487356662750244, 2.9984960556030273, 3.4909563064575195, 4.046158790588379, 4.528486251831055, 5.02209997177124, 5.510333061218262, 6.005933046340942, 6.510714054107666, 7.020905494689941, 7.520315647125244, 8.014561414718628, 8.52474069595337, 9.011612892150879, 9.50976848602295, 10.032532453536987, 10.542351484298706, 11.037581205368042, 11.551058292388916, 12.069295406341553, 12.580254316329956, 13.074108600616455]
Y-Plot Points (Speed)[0.0, 0.003, 0.0005, 0.0065, 0.0005, 0.0005, 0.0005, 0.0005, 0.0005, 0.0005, 0.0005, 0.0005, 0.022, 0.001, 0.0145, 0.0465, 0.0005, 0.0, 0.0005, 0.0035, 0.0255, 0.005, 0.0005, 0.0, 0.001, 0.0]

----------------------------------------------------
Program finished: 12-26-2021, 00:24:59
----------------------------------------------------
