
----------------------------------------------------
Program running: 12-26-2021, 00:21:18
----------------------------------------------------
------------------------------------
          Statistics:              
------------------------------------


X-Plot Points (Times)[0.4817929267883301, 0.9797651767730713, 1.492002248764038, 1.9832446575164795, 2.5063211917877197, 2.9835047721862793, 3.479020833969116, 4.009591579437256, 4.494802236557007, 4.982223272323608, 5.533780097961426, 6.0319695472717285, 6.536135911941528, 7.01589298248291, 7.5392656326293945, 8.039060592651367, 8.530282258987427, 9.027233600616455, 9.538729190826416, 10.034782648086548, 10.52957034111023, 11.035991668701172, 11.5274019241333, 12.023126363754272, 12.514720439910889, 13.028112649917603]
Y-Plot Points (Speed)[0.0, 0.001, 0.001, 0.01, 0.0005, 0.003, 0.0, 0.0005, 0.0005, 0.0025, 0.0, 0.0005, 0.0005, 0.0, 0.0345, 0.0005, 0.0545, 0.0005, 0.0005, 0.0005, 0.0005, 0.01, 0.0, 0.0115, 0.002, 0.024]

----------------------------------------------------
Program finished: 12-26-2021, 00:21:56
----------------------------------------------------
