
----------------------------------------------------
Program running: 12-26-2021, 00:19:55
----------------------------------------------------
------------------------------------
          Statistics:              
------------------------------------


X-Plot Points (Times)[0.5002248287200928, 1.0320103168487549, 1.4969313144683838, 2.0057737827301025, 2.496615171432495, 2.9912302494049072, 3.498455762863159, 4.0065083503723145, 4.506271600723267, 5.010524034500122, 5.496993064880371, 6.007453918457031, 6.5053112506866455, 7.000416994094849, 7.51004433631897, 8.006215810775757, 8.49685025215149, 9.009936571121216, 9.501127481460571, 9.997727632522583, 10.501773118972778, 10.99886417388916, 11.499078035354614, 12.014874935150146, 12.508952856063843, 13.001732110977173, 13.498050689697266, 14.00344467163086, 14.489027738571167]
Y-Plot Points (Speed)[0.0005, 0.0005, 0.0005, 0.012, 0.002, 0.0, 0.0045, 0.0065, 0.0005, 0.0005, 0.001, 0.0005, 0.012, 0.0045, 0.001, 0.0135, 0.04, 0.0005, 0.0005, 0.0005, 0.0005, 0.0005, 0.003, 0.0005, 0.0005, 0.019, 0.0005, 0.0005, 0.056]

----------------------------------------------------
Program finished: 12-26-2021, 00:20:54
----------------------------------------------------
