
----------------------------------------------------
Program running: 12-26-2021, 00:23:06
----------------------------------------------------
------------------------------------
          Statistics:              
------------------------------------


X-Plot Points (Times)[0.5049247741699219, 0.9797852039337158, 1.4751157760620117, 1.9877772331237793, 2.468305826187134, 2.978355646133423, 3.4877073764801025, 3.9951186180114746, 4.499177932739258, 4.985677003860474, 5.487679719924927, 5.975174188613892, 6.501850128173828, 6.982740163803101, 7.48135232925415, 7.986074209213257, 8.484835624694824, 9.021335124969482, 9.521256685256958, 10.012110710144043, 10.539443254470825, 11.041975498199463, 11.541813850402832, 12.036545038223267, 12.547982692718506, 13.04081392288208, 13.546900749206543, 14.05541729927063, 14.577077865600586, 15.072588205337524, 15.120076179504395]
Y-Plot Points (Speed)[0.0005, 0.0, 0.0, 0.008, 0.0035, 0.0055, 0.0005, 0.0135, 0.0005, 0.0025, 0.0005, 0.0005, 0.0005, 0.0155, 0.0005, 0.0025, 0.0005, 0.0385, 0.0005, 0.0005, 0.0005, 0.0005, 0.0005, 0.001, 0.033, 0.0005, 0.007, 0.0015, 0.0005, 0.4365, 3.085]

----------------------------------------------------
Program finished: 12-26-2021, 00:23:41
----------------------------------------------------
